
RESET: 0, 0, 0, 0, 0, 0

[2, 2, 8, 9, 9, 5, 9, 6, 9, 4, |||
2, 0, 5, 3, 6, 0, 0, 8, 6, 6],


[8, 8, 0, 9, 1, 8, 1, 5, 6, 9, |||
1, 6, 1, 3, 6, 0, 6, 2, 5, 1],

------------------------------------------------------------
[9, 5, 8, 3, 0, 1, 2, 3, 4, 6, |||







8, 8, 3, 1, 8, 7, 9, 4, 6, 6],
[0, 9, 8, 3, 4, 2, 0, 4, 2, 6, |||


9, 7, 3, 4, 5, 1, 6, 6, 2, 0],
------------------------------------------------------------
[8, 9, 7, 7, 7, 1, 5, 3, 6, 4, |||


7, 7, 0, 5, 7, 5, 7, 0, 6, 5],










[9, 0, 9, 0, 2, 7, 6, 6, 7, 1, |||
3, 3, 6, 5, 5, 5, 7, 3, 6, 6],

------------------------------------------------------------
[6, 6, 5, 8, 3, 8, 6, 4, 9, 8, |||
9, 7, 9, 1, 3, 2, 3, 6, 0, 5],


[2, 3, 3, 1, 7, 5, 3, 3, 8, 2, |||






2, 6, 3, 5, 8, 5, 9, 5, 7, 8],
------------------------------------------------------------
[4, 1, 2, 7, 6, 7, 1, 1, 6, 8, |||



7, 4, 8, 1, 2, 5, 6, 5, 4, 8],
[9, 4, 3, 7, 0, 8, 6, 1, 8, 8, |||


1, 5, 3, 2, 3, 6, 7, 0, 3, 8]])